1 446
2 236
3 171
4 134
5 111
6 96
7 85
8 102
9 112
10 88
11 101
12 88
13 83
14 93
15 89
16 86
17 101
18 93
19 106
20 93
21 98
22 107
23 107
24 102
25 111
26 96
27 94
28 96
29 93
30 111
31 94
32 100
33 101
34 91
35 100
36 92
37 84
38 91
39 92
40 92
41 92
42 96
43 93
44 88
45 114
46 91
47 93
48 96
49 99
50 95
51 117
52 100
53 90
54 100
55 319
56 87
57 119
58 119
59 104
60 180
61 165
62 105
63 93
64 92
65 90
66 112
67 89
68 92
69 112
70 108
71 89
72 91
73 87
74 106
75 88
76 150
77 190
78 176
79 88
80 102
81 86
82 135
83 88
84 101
85 87
86 88
87 88
88 86
89 92
90 90
91 93
92 91
93 98
94 111
95 97
96 101
97 88
98 90
99 90
100 103
101 100
102 104
103 113
104 97
105 93
106 93
107 98
108 128
109 90
110 123
111 132
112 96
113 114
114 93
115 114
116 89
117 100
118 125
119 117
120 89
121 106
122 105
123 115
124 132
125 104
126 130
127 117
128 103
129 108
130 97
131 104
132 101
133 90
134 93
135 110
136 97
137 95
138 109
139 103
140 91
141 95
142 100
143 118
144 92
145 92
146 100
147 96
148 92
149 115
150 108
151 103
152 147
153 115
154 106
155 91
156 94
157 99
158 125
159 105
160 92
161 93
162 96
163 101
164 131
165 94
166 114
167 103
168 97
169 110
170 107
171 111
172 101
173 98
174 112
175 103
176 101
177 101
178 121
179 98
180 98
181 95
182 113
183 137
184 96
185 103
186 96
187 109
188 105
189 106
190 96
191 110
192 101
193 96
194 98
195 160
196 97
197 99
198 95
199 98
200 97
201 99
202 112
203 100
204 100
205 98
206 98
207 96
208 96
209 100
210 96
211 107
212 100
213 109
214 101
215 98
216 106
217 101
218 101
219 110
220 107
221 102
222 109
223 100
224 106
225 100
226 131
227 112
228 105
229 101
230 100
231 99
232 98
233 102
234 108
235 102
236 101
237 101
238 111
239 117
240 101
241 103
242 99
243 107
244 103
245 103
246 101
247 103
248 116
249 102
250 104
251 103
252 103
253 106
254 102
255 106
256 104
257 105
258 103
259 104
260 110
261 104
262 104
263 104
264 187
265 122
266 131
267 105
268 107
269 117
270 104
271 110
272 107
273 125
274 120
275 118
276 120
277 110
278 107
279 104
280 109
281 105
282 107
283 103
284 107
285 125
286 104
287 116
288 122
289 109
290 105
291 111
292 110
293 108
294 108
295 107
296 108
297 123
298 119
299 115
300 113
301 112
302 117
303 109
304 110
305 103
306 100
307 101
308 101
309 100
310 100
311 100
312 99
313 110
314 112
315 108
316 107
317 103
318 100
319 100
320 106
321 101
322 101
323 101
324 110
325 101
326 102
327 103
328 102
329 118
330 108
331 108
332 112
333 106
334 120
335 104
336 107
337 103
338 104
339 104
340 104
341 105
342 103
343 103
344 105
345 104
346 103
347 121
348 109
349 104
350 107
351 103
352 108
353 103
354 106
355 106
356 104
357 105
358 106
359 106
360 103
361 107
362 108
363 109
364 108
365 104
366 105
367 104
368 106
369 108
370 108
371 113
372 104
373 109
374 108
375 109
376 106
377 107
378 111
379 105
380 106
381 109
382 110
383 107
384 109
385 114
386 111
387 107
388 109
389 109
390 114
391 116
392 111
393 109
394 109
395 109
396 107
397 113
398 109
399 110
400 110
401 112
402 111
403 113
404 111
405 108
406 112
407 117
408 113
409 112
410 113
411 111
412 113
413 114
414 115
415 111
416 117
417 116
418 112
419 114
420 127
421 112
422 114
423 116
424 112
425 116
426 113
427 120
428 132
429 118
430 131
431 115
432 114
433 134
434 133
435 157
436 130
437 128
438 156
439 138
440 134
441 130
442 132
443 136
444 133
445 131
446 135
447 142
448 232
449 129
450 134
451 128
452 134
453 119
454 117
455 120
456 117
457 122
458 117
459 119
460 119
461 118
462 122
463 122
464 121
465 116
466 121
467 119
468 118
469 119
470 121
471 117
472 117
473 121
474 118
475 120
476 117
477 119
478 124
479 122
480 122
481 121
482 120
483 118
484 121
485 123
486 132
487 123
488 120
489 122
490 123
491 125
492 120
493 121
494 123
495 132
496 125
497 132
498 122
499 130
500 128
501 125
502 123
503 120
504 127
505 125
506 127
507 126
508 128
509 121
510 124
511 122
512 125
513 127
514 126
515 132
516 128
517 125
518 135
519 129
520 142
521 150
522 153
523 128
524 134
525 135
526 129
527 143
528 128
529 137
530 148
531 135
532 131
533 140
534 131
535 126
536 137
537 130
538 131
539 132
540 130
541 131
542 131
543 137
544 136
545 128
546 129
547 147
548 142
549 132
550 138
551 138
552 131
553 139
554 133
555 129
556 137
557 130
558 134
559 134
560 131
561 133
562 136
563 134
564 132
565 133
566 132
567 133
568 135
569 131
570 132
571 136
572 134
573 143
574 145
575 160
576 145
577 155
578 147
579 140
580 146
581 134
582 132
583 152
584 144
585 177
586 157
587 137
588 146
589 145
590 136
591 142
592 137
593 138
594 141
595 143
596 140
597 141
598 137
599 138
600 139
601 139
602 140
603 155
604 139
605 143
606 137
607 147
608 147
609 137
610 170
611 136
612 146
613 140
614 140
615 155
616 145
617 140
618 141
619 140
620 140
621 142
622 143
623 142
624 144
625 142
626 141
627 146
628 147
629 144
630 144
631 142
632 140
633 144
634 143
635 141
636 146
637 143
638 142
639 149
640 167
641 158
642 154
643 147
644 145
645 144
646 147
647 158
648 143
649 149
650 176
651 148
652 147
653 166
654 159
655 160
656 152
657 149
658 151
659 151
660 161
661 153
662 150
663 153
664 153
665 148
666 149
667 143
668 150
669 148
670 145
671 156
672 155
673 155
674 186
675 156
676 156
677 150
678 153
679 158
680 152
681 151
682 197
683 154
684 159
685 160
686 154
687 152
688 160
689 157
690 152
691 163
692 156
693 157
694 158
695 158
696 157
697 155
698 151
699 164
700 153
701 153
702 154
703 156
704 156
705 151
706 152
707 154
708 153
709 155
710 158
711 155
712 156
713 165
714 154
715 156
716 157
717 192
718 153
719 168
720 187
721 165
722 157
723 162
724 157
725 162
726 156
727 161
728 156
729 156
730 160
731 157
732 159
733 159
734 160
735 163
736 160
737 162
738 160
739 162
740 161
741 165
742 163
743 160
744 157
745 162
746 165
747 165
748 161
749 169
750 172
751 160
752 160
753 159
754 165
755 166
756 165
757 160
758 170
759 166
760 168
761 162
762 172
763 170
764 165
765 169
766 173
767 170
768 166
769 171
770 186
771 168
772 172
773 174
774 186
775 177
776 169
777 176
778 172
779 172
780 170
781 168
782 171
783 174
784 176
785 174
786 168
787 173
788 172
789 164
790 172
791 164
792 171
793 168
794 170
795 180
796 171
797 177
798 174
799 169
800 169
801 174
802 182
803 172
804 172
805 171
806 171
807 172
808 171
809 184
810 170
811 174
812 177
813 179
814 174
815 179
816 177
817 183
818 174
819 177
820 176
821 175
822 180
823 179
824 176
825 178
826 177
827 177
828 180
829 174
830 177
831 183
832 183
833 178
834 182
835 184
836 179
837 180
838 178
839 179
840 181
841 182
842 183
843 180
844 180
845 182
846 181
847 181
848 181
849 182
850 192
851 192
852 192
853 219
854 189
855 195
856 192
857 194
858 266
859 211
860 205
861 199
862 220
863 197
864 228
865 189
866 199
867 193
868 198
869 188
870 191
871 189
872 186
873 193
874 191
875 194
876 191
877 208
878 196
879 195
880 190
881 191
882 193
883 203
884 202
885 196
886 199
887 224
888 194
889 194
890 196
891 190
892 195
893 196
894 199
895 195
896 197
897 194
898 196
899 192
900 197
901 195
902 195
903 196
904 197
905 198
906 207
907 226
908 197
909 193
910 221
911 198
912 196
913 201
914 201
915 199
916 196
917 199
918 195
919 199
920 200
921 198
922 205
923 197
924 198
925 194
926 198
927 203
928 202
929 197
930 199
931 202
932 199
933 200
934 203
935 199
936 202
937 200
938 202
939 202
940 202
941 204
942 201
943 196
944 201
945 209
946 206
947 201
948 203
949 205
950 203
951 201
952 202
953 206
954 207
955 203
956 203
957 202
958 204
959 205
960 225
961 208
962 206
963 204
964 212
965 203
966 205
967 200
968 205
969 209
970 208
971 208
972 203
973 199
974 214
975 204
976 210
977 208
978 209
979 213
980 204
981 210
982 206
983 204
984 211
985 212
986 208
987 206
988 212
989 219
990 207
991 197
992 209
993 210
994 209
995 217
996 212
997 212
998 208
999 208
1000 211
